80.00 3.00
79.00 3.00
78.00 3.00
77.00 3.00
76.00 3.00
75.00 3.00
74.00 3.00
73.00 3.00
72.00 3.00
71.00 3.00
70.00 3.00
69.00 3.00
68.00 3.00
67.00 3.00
66.00 3.00
65.00 3.00
64.00 3.00
63.00 3.00
62.00 3.00
61.00 3.00
60.00 3.00
59.00 3.00
58.00 3.00
57.00 3.00
56.00 4.00
55.00 4.00
54.00 4.00
53.00 4.00
52.00 4.00
51.00 4.00
50.00 4.00
49.00 5.00
48.00 6.00
47.00 7.00
46.00 8.00
45.00 9.00
44.00 10.00
43.00 11.00
42.00 12.00
41.00 12.00
40.00 12.00
39.00 12.00
38.00 12.00
37.00 12.00
36.00 12.00
35.00 12.00
34.00 12.00
33.00 12.00
32.00 12.00
31.00 12.00
30.00 12.00
29.00 12.00
28.00 12.00
27.00 12.00
26.00 12.00
25.00 12.00
24.00 12.00
23.00 12.00
22.00 12.00
21.00 12.00
20.00 12.00
19.00 13.00
18.00 14.00
17.00 15.00
16.00 16.00
15.00 17.00
14.00 18.00
13.00 19.00
12.00 20.00
11.00 21.00
10.00 22.00
9.00 23.00
9.00 24.00
9.00 25.00
9.00 26.00
9.00 27.00
8.00 28.00
7.00 29.00
6.00 30.00
6.00 31.00
6.00 32.00
6.00 33.00
